% Intrinsic and Extrinsic Camera Parameters
%
% This script file can be directly executed under Matlab to recover the camera intrinsic and extrinsic parameters.
% IMPORTANT: This file contains neither the structure of the calibration objects nor the image coordinates of the calibration points.
%            All those complementary variables are saved in the complete matlab data file Calib_Results.mat.
% For more information regarding the calibration model visit http://www.vision.caltech.edu/bouguetj/calib_doc/


%-- Focal length:
fc = [ 1185.350526384880823 ; 1176.117666168516052 ];

%-- Principal point:
cc = [ 526.077329143721727 ; 718.532275603764219 ];

%-- Skew coefficient:
alpha_c = -0.000038001621689;

%-- Distortion coefficients:
kc = [ 0.024462801940133 ; -0.079350686837948 ; 0.000569806105407 ; -0.001456598665304 ; 0.000000000000000 ];

%-- Focal length uncertainty:
fc_error = [ 2.094579958829718 ; 2.045192864794954 ];

%-- Principal point uncertainty:
cc_error = [ 1.339271650317394 ; 1.700935952361823 ];

%-- Skew coefficient uncertainty:
alpha_c_error = 0.000206857854160;

%-- Distortion coefficients uncertainty:
kc_error = [ 0.005207971137282 ; 0.017347049740677 ; 0.000521582682529 ; 0.000393839215819 ; 0.000000000000000 ];

%-- Image size:
nx = 1080;
ny = 1440;


%-- Various other variables (may be ignored if you do not use the Matlab Calibration Toolbox):
%-- Those variables are used to control which intrinsic parameters should be optimized

n_ima = 25;						% Number of calibration images
est_fc = [ 1 ; 1 ];					% Estimation indicator of the two focal variables
est_aspect_ratio = 1;				% Estimation indicator of the aspect ratio fc(2)/fc(1)
center_optim = 1;					% Estimation indicator of the principal point
est_alpha = 1;						% Estimation indicator of the skew coefficient
est_dist = [ 1 ; 1 ; 1 ; 1 ; 0 ];	% Estimation indicator of the distortion coefficients


%-- Extrinsic parameters:
%-- The rotation (omc_kk) and the translation (Tc_kk) vectors for every calibration image and their uncertainties

%-- Image #1:
omc_1 = [ 2.179850e+00 ; 2.071414e+00 ; 6.536227e-01 ];
Tc_1  = [ -4.170574e+01 ; -6.185758e+01 ; 1.801253e+02 ];
omc_error_1 = [ 1.524225e-03 ; 1.114757e-03 ; 2.744299e-03 ];
Tc_error_1  = [ 2.175786e-01 ; 2.728301e-01 ; 3.885530e-01 ];

%-- Image #2:
omc_2 = [ -2.093871e+00 ; -2.076247e+00 ; -3.783395e-01 ];
Tc_2  = [ -5.693472e+01 ; -5.079511e+01 ; 2.125080e+02 ];
omc_error_2 = [ 1.386624e-03 ; 1.586019e-03 ; 2.964430e-03 ];
Tc_error_2  = [ 2.487846e-01 ; 3.187315e-01 ; 4.444411e-01 ];

%-- Image #3:
omc_3 = [ -1.877078e+00 ; -2.023513e+00 ; -1.303118e-01 ];
Tc_3  = [ -6.881263e+01 ; -6.373915e+01 ; 2.278149e+02 ];
omc_error_3 = [ 1.471841e-03 ; 1.461012e-03 ; 2.631005e-03 ];
Tc_error_3  = [ 2.609278e-01 ; 3.396956e-01 ; 4.498544e-01 ];

%-- Image #4:
omc_4 = [ 2.025944e+00 ; 2.044209e+00 ; 3.439973e-01 ];
Tc_4  = [ -4.159647e+01 ; -8.240098e+01 ; 2.042512e+02 ];
omc_error_4 = [ 1.550259e-03 ; 1.241736e-03 ; 2.715443e-03 ];
Tc_error_4  = [ 2.447979e-01 ; 3.033787e-01 ; 4.102900e-01 ];

%-- Image #5:
omc_5 = [ 2.200532e+00 ; 2.189859e+00 ; -4.045326e-03 ];
Tc_5  = [ -6.186047e+01 ; -8.213268e+01 ; 2.054508e+02 ];
omc_error_5 = [ 1.476826e-03 ; 1.404220e-03 ; 3.022770e-03 ];
Tc_error_5  = [ 2.418799e-01 ; 3.053603e-01 ; 4.042142e-01 ];

%-- Image #6:
omc_6 = [ -2.130746e+00 ; -2.057929e+00 ; 3.341774e-01 ];
Tc_6  = [ -7.043907e+01 ; -8.391442e+01 ; 2.356475e+02 ];
omc_error_6 = [ 1.511478e-03 ; 1.286801e-03 ; 2.811677e-03 ];
Tc_error_6  = [ 2.691214e-01 ; 3.454158e-01 ; 4.248072e-01 ];

%-- Image #7:
omc_7 = [ 1.828357e+00 ; 1.938270e+00 ; 2.719676e-01 ];
Tc_7  = [ -3.097998e+01 ; -9.413602e+01 ; 2.161953e+02 ];
omc_error_7 = [ 1.500312e-03 ; 1.179034e-03 ; 2.300631e-03 ];
Tc_error_7  = [ 2.561776e-01 ; 3.158141e-01 ; 4.084196e-01 ];

%-- Image #8:
omc_8 = [ 2.118553e+00 ; 2.112563e+00 ; -1.589661e-01 ];
Tc_8  = [ -6.016121e+01 ; -9.032911e+01 ; 2.342817e+02 ];
omc_error_8 = [ 1.551559e-03 ; 1.496635e-03 ; 3.077143e-03 ];
Tc_error_8  = [ 2.720316e-01 ; 3.433451e-01 ; 4.400703e-01 ];

%-- Image #9:
omc_9 = [ -2.117423e+00 ; -1.993481e+00 ; 7.062844e-01 ];
Tc_9  = [ -7.226305e+01 ; -9.040688e+01 ; 2.786650e+02 ];
omc_error_9 = [ 1.543061e-03 ; 1.132320e-03 ; 2.674850e-03 ];
Tc_error_9  = [ 3.215551e-01 ; 4.087318e-01 ; 4.375923e-01 ];

%-- Image #10:
omc_10 = [ 1.846886e+00 ; 1.932284e+00 ; 2.742702e-01 ];
Tc_10  = [ -3.993538e+01 ; -9.385420e+01 ; 2.186753e+02 ];
omc_error_10 = [ 1.507376e-03 ; 1.216984e-03 ; 2.358702e-03 ];
Tc_error_10  = [ 2.598242e-01 ; 3.204487e-01 ; 4.161776e-01 ];

%-- Image #11:
omc_11 = [ -2.047364e+00 ; -2.020939e+00 ; 4.106402e-01 ];
Tc_11  = [ -7.114286e+01 ; -8.679469e+01 ; 2.465022e+02 ];
omc_error_11 = [ 1.509193e-03 ; 1.223967e-03 ; 2.673385e-03 ];
Tc_error_11  = [ 2.821718e-01 ; 3.608890e-01 ; 4.291497e-01 ];

%-- Image #12:
omc_12 = [ 2.178026e+00 ; 2.129374e+00 ; 5.094158e-01 ];
Tc_12  = [ -4.789296e+01 ; -7.999591e+01 ; 1.886946e+02 ];
omc_error_12 = [ 1.506872e-03 ; 1.275111e-03 ; 2.966556e-03 ];
Tc_error_12  = [ 2.308872e-01 ; 2.878486e-01 ; 3.994782e-01 ];

%-- Image #13:
omc_13 = [ 1.846966e+00 ; 1.902337e+00 ; 4.507219e-01 ];
Tc_13  = [ -3.391060e+01 ; -9.518400e+01 ; 1.902662e+02 ];
omc_error_13 = [ 1.432919e-03 ; 1.099196e-03 ; 2.227919e-03 ];
Tc_error_13  = [ 2.298940e-01 ; 2.803562e-01 ; 3.832484e-01 ];

%-- Image #14:
omc_14 = [ -1.993731e+00 ; -1.952070e+00 ; 5.406648e-01 ];
Tc_14  = [ -6.432537e+01 ; -8.085025e+01 ; 2.456114e+02 ];
omc_error_14 = [ 1.412852e-03 ; 1.118937e-03 ; 2.436566e-03 ];
Tc_error_14  = [ 2.800467e-01 ; 3.580707e-01 ; 3.992745e-01 ];

%-- Image #15:
omc_15 = [ -2.100723e+00 ; -2.116093e+00 ; 6.831502e-01 ];
Tc_15  = [ -6.323289e+01 ; -9.125331e+01 ; 2.640611e+02 ];
omc_error_15 = [ 1.461417e-03 ; 1.159608e-03 ; 2.730568e-03 ];
Tc_error_15  = [ 3.029857e-01 ; 3.864390e-01 ; 4.194619e-01 ];

%-- Image #16:
omc_16 = [ 1.709268e+00 ; 1.869603e+00 ; 2.537431e-01 ];
Tc_16  = [ -3.800265e+01 ; -1.011096e+02 ; 2.176269e+02 ];
omc_error_16 = [ 1.422117e-03 ; 1.167667e-03 ; 2.095333e-03 ];
Tc_error_16  = [ 2.583845e-01 ; 3.179145e-01 ; 4.021303e-01 ];

%-- Image #17:
omc_17 = [ 1.988046e+00 ; 1.986716e+00 ; -2.914396e-01 ];
Tc_17  = [ -6.021162e+01 ; -1.010061e+02 ; 2.684779e+02 ];
omc_error_17 = [ 1.504097e-03 ; 1.492848e-03 ; 2.763493e-03 ];
Tc_error_17  = [ 3.108552e-01 ; 3.927666e-01 ; 4.637935e-01 ];

%-- Image #18:
omc_18 = [ -2.101200e+00 ; -2.055854e+00 ; -3.173223e-01 ];
Tc_18  = [ -5.732130e+01 ; -6.236947e+01 ; 2.051364e+02 ];
omc_error_18 = [ 1.407094e-03 ; 1.520046e-03 ; 2.927314e-03 ];
Tc_error_18  = [ 2.417079e-01 ; 3.095541e-01 ; 4.201505e-01 ];

%-- Image #19:
omc_19 = [ -1.985296e+00 ; -1.936835e+00 ; 4.994451e-02 ];
Tc_19  = [ -6.920980e+01 ; -6.574657e+01 ; 2.311974e+02 ];
omc_error_19 = [ 1.528077e-03 ; 1.379019e-03 ; 2.590994e-03 ];
Tc_error_19  = [ 2.635787e-01 ; 3.412252e-01 ; 4.317875e-01 ];

%-- Image #20:
omc_20 = [ 1.992349e+00 ; 2.403049e+00 ; -3.601068e-02 ];
Tc_20  = [ -3.870743e+01 ; -9.258398e+01 ; 2.490979e+02 ];
omc_error_20 = [ 1.707465e-03 ; 1.897718e-03 ; 4.025681e-03 ];
Tc_error_20  = [ 2.906909e-01 ; 3.665724e-01 ; 5.031409e-01 ];

%-- Image #21:
omc_21 = [ -2.228977e+00 ; -2.203501e+00 ; -7.155529e-02 ];
Tc_21  = [ -6.383623e+01 ; -7.804509e+01 ; 2.096315e+02 ];
omc_error_21 = [ 1.490457e-03 ; 1.542082e-03 ; 3.220428e-03 ];
Tc_error_21  = [ 2.475478e-01 ; 3.131272e-01 ; 4.194250e-01 ];

%-- Image #22:
omc_22 = [ 2.162631e+00 ; 2.139675e+00 ; -4.104382e-02 ];
Tc_22  = [ -5.743921e+01 ; -9.103732e+01 ; 2.232875e+02 ];
omc_error_22 = [ 1.586359e-03 ; 1.499173e-03 ; 3.156349e-03 ];
Tc_error_22  = [ 2.625136e-01 ; 3.288178e-01 ; 4.359032e-01 ];

%-- Image #23:
omc_23 = [ -2.218038e+00 ; -2.162529e+00 ; 2.659486e-01 ];
